10110111
00000010
00000001
00010000
10010011
10000010
00000010
00000000
00000011
10100011
00000010
00000000
00110011
00001110
00000000
00000000
01100011
01001010
00000011
00000010
10110011
00001110
00000011
00000000
10010011
00000011
00010000
00000000
10110011
10010011
01100011
00000000
00110011
10000011
00000011
00000000
10010011
10000010
01000010
00000000
10000011
10100011
00000010
00000000
00110011
00001110
01111110
00000000
00010011
00000011
11110011
11111111
11100011
01001000
01100000
11111110
00110011
01011110
11011110
01000001
10010011
10000010
01000010
00000000
00100011
10100000
11000010
00000001
