00010000000000010000001010110111
00000000000000101000001010010011
00000000000000101010001100000011
00000000000000000000111000110011
00000010000000110100101001100011
00000000000000110000111010110011
00000000000100000000001110010011
00000000011000111001001110110011
00000000000000111000001100110011
00000000010000101000001010010011
00000000000000101010001110000011
00000000011111100000111000110011
11111111111100110000001100010011
11111110011000000100100011100011
01000001110111100101111000110011
00000000010000101000001010010011
00000001110000101010000000100011
