00010000000000000000111010010011
00000001010011101001111010010011
00010000000000000000111000010011
00000000100011100001111000010011
00000001110111100000111010110011
11111111111100000000001010010011
00000000010111101010000000100011
00000000100000101000001010010011
00000000010111101010001000100011
11111111101100000000001010010011
00000000010111101010010000100011
00000000000011101010001010000011
00000000010011101010001100000011
00000000100011101010001110000011
00000000011000101111111000110011
00000000011111100110111000110011
00000101101000000000111100010011
00000000100011110001111100010011
00000000111111110000111100010011
00000000100011110001111100010011
00001010010111110000111100010011
00000000100011110001111100010011
00001111000011110000111100010011
00000001111011100100111000110011
00000001110011101010011000100011
00000000110011101000111010010011
00000000001111101000001010000011
00000000010111101000000010100011
00000000000011101100001010000011
00000000010111101000000100100011
00000000001011101001001010000011
00000000010111101001001000100011
00000000000011101101001010000011
00000000010111101001001100100011
00000000000000000000000000000000
